10
0.9

1
2
5.718281828459045

1
2.1
5.857651118063163

1
2.2
6.004166023946434

1
2.3000000000000003
6.1581929096897685

1
2.4000000000000004
6.320116922736547

1
2.5000000000000004
6.490342957461841

1
2.6000000000000005
10

1
2.7000000000000006
-2

1
2.8000000000000007
7.055199966844675

1
2.900000000000001
7.263114515168819


10
1


1
3.000000000000001
7.481689070338066

1
3.100000000000001
7.711470182590743

1
3.200000000000001
7.953032424395117

1
3.300000000000001
8.20697982717985

1
3.4000000000000012
8.473947391727203


1
3.5000000000000013
8.754602676005733

1
3.6000000000000014
9.04964746441295


1
3.7000000000000015
9.359819522601835


1
3.8000000000000016
9.685894442279274

1
3.9000000000000017
10.028687580589299