11
1

1
0
0

1
0.1
0.6180339887498948

1
0.2
1.1755705045849463

1
0.3
1.618033988749895

1
0.4
1.902113032590307

1
0.5
2

1
0.6
1.902113032590307

1
0.7
1.618033988749895

1
0.8
1.1755705045849465

1
0.9
0.618033988749895

1
1
2.4492935982947064e-16


10
1

1
1.1
-0.6180339887498955

1
1.2
-1.1755705045849467

1
1.3
-1.6180339887498947

1
1.4
-1.902113032590307

1
1.5
-2

1
1.6
-1.9021130325903073

1
1.7
-1.618033988749894

1
1.8
-1.1755705045849467

1
1.9
-0.6180339887498952

1
2
-4.898587196589413e-16